e =

    0.9409    0.7194    0.8154
    0.3899    0.9887    0.5593
    0.9394    0.8258    0.8790
    0.4264    0.9581    0.5902
    0.9526    0.9081    0.9298
    0.7165    0.7581    0.7367
    0.9608    0.9097    0.9345

>> f

f =

    0.9409    0.7194    0.8154
    0.4134    0.9887    0.5830
    0.9394    0.8258    0.8790
    0.3705    0.9806    0.5378
    0.9526    0.9081    0.9298
    0.9570    0.7177    0.8203
    0.9608    0.9097    0.9345

>> g

g =

    0.9409    0.7194    0.8154
    0.9483    0.7984    0.8669
    0.9394    0.8258    0.8790
    0.9389    0.8677    0.9019
    0.9526    0.9081    0.9298
    0.9651    0.8032    0.8768
    0.9608    0.9097    0.9345

>> h

h =

    0.6636    1.0000    0.7978
    0.6626    0.9985    0.7965
    0.9770    0.0658    0.1233
    0.5895    1.0000    0.7417
    0.5895    1.0000    0.7417
    0.9694    0.2963    0.4538
    0.2819    1.0000    0.4398
    0.2819    1.0000    0.4398
    0.8622    0.7631    0.8096