ResultsBayes =

    0.1429    0.0067    0.0127
    0.1579    0.0200    0.0355
    2.0000    2.0000    2.0000
    0.1702    0.0533    0.0812
    0.4000    0.0267    0.0500
    0.2778    0.0333    0.0595
    2.0000    2.0000    2.0000


ResultsSEM =

    0.1429    0.0067    0.0127
    3.0000    3.0000    3.0000
    2.0000    2.0000    2.0000
    0.1290    0.0533    0.0755
    0.4000    0.0267    0.0500
    2.0000    2.0000    2.0000
    2.0000    2.0000    2.0000


ResultsRocSVM =

    0.1429    0.0067    0.0127
    0.1429    0.0067    0.0127
    2.0000    2.0000    2.0000
    2.0000    2.0000    2.0000
    0.4000    0.0267    0.0500
    0.4000    0.0267    0.0500
    2.0000    2.0000    2.0000

entitySetExpansionQuality =

    0.1806    0.3421    0.2364
    3.0000    3.0000    3.0000
    2.0000    2.0000    2.0000
    0.2262    0.6552    0.3363
    0.2159    0.6552    0.3248
    2.0000    2.0000    2.0000
    0.0714    0.5556    0.1266
    0.0649    0.5556    0.1163
    2.0000    2.0000    2.0000